-2.10106e-05 
-9.84798e-05 
-8.67489e-05 
1.04922e-06 
-2.6028e-05 
-2.07536e-05 
7.84195e-05 
-8.31076e-05 
-5.62776e-05 
3.11537e-05 
-3.42059e-05 
8.48939e-05 
3.37505e-05 
-1.52849e-05 
9.705e-05 
2.37004e-05 
-7.77064e-06 
1.13663e-05 
-2.36321e-05 
6.05593e-05 
-2.52389e-05 
4.25498e-05 
8.23814e-05 
3.29677e-05 
-8.46973e-05 
7.09713e-05 
-8.15778e-05 
1.61315e-05 
-5.07176e-06 
-2.16552e-05 
9.64241e-05 
7.39176e-05 
-2.0135e-05 
-9.03248e-05 
-2.50332e-05 
5.3837e-05 
-1.10784e-05 
-4.66137e-05 
7.07294e-05 
3.2644e-05 
8.454e-05 
-6.34766e-05 
1.75378e-05 
1.82905e-05 
2.12385e-05 
1.45879e-05 
-5.80091e-05 
-8.65321e-05 
-7.40459e-05 
1.83588e-05 
