0 0 0 0 0 0 -0.410594 0.346807 0 0 0 0 -0.25875 -0.34741 0 -0.0760115 0 0 
0 0 0 0 0 0.150894 0 0 0 0 0 0 0.380545 0 0 0 0.287046 0 
-0.371214 0 -0.218624 0 0 0 0 0 0 0 -0.3347 0 0 0 0 0.209893 -0.044412 0 
0 0 0 0 0 0 0.463725 0 0 0 0 0 -0.249573 0.453007 0 0 -0.0677528 0 
0 0.398411 0 0 0 -0.236665 0 0 0 -0.200357 0 0.318003 0.146702 0.231894 0 0 0 0 
-0.230453 0 0 0 0 0.468121 0 0 0 0 0 0 0 -0.266225 -0.0498436 0 0 0 
0 0.417744 0.372306 0 -0.311154 0 0 0 0 0 0 0 0 0 0 0.485182 0.167491 -0.116675 
0 0 0 -0.0821775 0 0 0 0 0 0 0.0481569 0 -0.0794525 0 0 0 -0.339991 0 
0 0.230359 0.365525 0 0 -0.254303 -0.0994416 0 0.318381 0 0.0876251 0 0 0 -0.357401 0.325854 0 0 
-0.314333 0 0 0.144644 0.00234986 0 -0.135279 0.155682 -0.203387 0 -0.247808 0 0.0683303 0 -0.337228 0 0 0.105189 
0.368518 0 -0.445815 0 0.326176 -0.462629 0 0 0 0 0.33258 -0.0962649 0 0 0 0.21175 0 0 
-0.112971 -0.044284 0 0 0.0609184 0.461489 0 0.224859 -0.124089 0 0 0 0 0 0.271709 0 0.16053 0 
0 0 -0.0564775 -0.482137 0 0 0 0 0 -0.416129 0 0 0 0.251706 0 0.0139356 0 -0.0469356 
0.0439066 -0.36017 0.385303 -0.17349 0 0 0 0 0 -0.0300335 0 0 0 -0.292591 0 0.406384 0.00814159 0 
0 0.456696 -0.0248584 0.216222 0 0 0 0 0 0 0 0.42001 0 0.0205952 0 0.144133 0.027336 0 
0 0 0 0 0 0 0 0 0 0 0 -0.096025 0 0 0 -0.169224 0 -0.226363 
-0.177815 0 0 -0.295101 0 0 0 0.187768 0 -0.0848062 0 0 0.121911 0 0 0 0 0 
0 0 0 0.119993 0 0 0 0 0 0 0.410877 -0.295168 0 0 0 0 0.0901561 0 
-0.0336564 0 -0.39621 0 0 -0.498252 -0.378479 0 0.241515 0 0.135146 0 0.435928 0 -0.0583899 -0.0840495 0 0 
0 0 0.3615 0 0 0.179048 -0.298108 0 0 0 0 0 0 0 0 0 0 0 
0.328008 0.183476 -0.362228 -0.167501 0.203861 0 0.0634758 0 0 0 0 -0.180818 0 0 0 -0.0323306 0.208352 0 
0 0 0 -0.320307 0.0462902 0.100554 0 0 0 0 0.196681 0 0 0 0 0 0 0 
0 -0.37783 -0.0278746 0 0 0 0 0 0.151488 0 0 0.30588 0 0 0 0.3691 0 0.0657806 
0 0 0 0 0 0 0 0 0.286965 0 0 -0.468241 0 -0.0587797 0.323784 0 0 0.00668989 
-0.404676 0 0 0 0 0 0 0 0 -0.0270973 0 0 0 0 0.424663 0 -0.198532 0 
0 0 0.0789098 0 0 -0.0431738 0 0.0521502 0 0 0 0 0 0.126893 -0.0354281 -0.479709 -0.262507 0 
0 0 0 -0.036376 0 0 0 0 -0.265063 0 0 0 0 -0.256086 0 0 0.353289 0 
-0.0198181 -0.228162 -0.222156 0.31747 0 0 0 0 0 0 0 -0.119361 0 0 0 0 0 -0.458961 
0 0 0 0 -0.147932 0 0 -0.2168 0 0 0 0 0 0.00351681 0 0 0.152574 0 
-0.466787 0 0.148789 -0.064689 0 0 0.00738106 0 0 0 0 0.438129 -0.116522 0 0 0.431051 0.322012 0 
0 -0.471338 0 0 0 0 0 0 0 0 0.28873 0 0 0 0.491211 0 -0.408512 -0.393169 
-0.117664 0 0 0 0 0 0 0 0 0 0 0 -0.213019 0 0 0.407697 0 0 
0.0267899 0 0.0180004 -0.30366 0 -0.196829 0.255356 0 0 0.423546 0 0 0 0 0 0 0.199924 0.351877 
-0.114157 0.45089 0 -0.02232 0 0 0.318241 0 -0.308739 0.189624 0 0 0 -0.0213128 0 0 0 -0.0746331 
0 0 0 0 0 0 -0.0139767 0 -0.163641 0 0 0 0.0971621 0 0 0.29208 0.23504 0 
0 0 0 0 0 0 0 0 0 0 -0.384874 0 0 0 0 -0.118353 0.410482 -0.125017 
0.257731 0 0.0461539 0 0 0 0 -0.468406 0 0 0 0 0 0.241635 0 0.356761 -0.145935 0 
0 0 0 0 0 0 0 0 0 0 0 0 0 -0.414637 0 0 0 0 
0 -0.37156 0 0 0 0 0.226836 0 0 0 0 0 0 0 0 0 0 0.282921 
0 0 0 0 0.172454 0 0.289411 -0.457282 0 -0.356061 0 0 0 0.170615 -0.0569221 0 0 0 
0 0 0.405046 0 0 0 0 0 0 0 0 0 0 0.236922 0.271319 0 0 0 
0.254267 0 0 0.0725733 0.280402 0 0 0.394742 -0.434411 0 0 0 0 -0.471386 0 0 0 0 
0.213047 -0.46855 0.0476495 -0.398981 0 0 0 0 0 0 0 0 0 0 0.314848 0 0.113199 0.224756 
0 0 0 0 0 0 0 0 0 -0.324941 -0.166688 0 0 0 0 -0.161784 0 0 
0 0 0 0.168943 -0.0680077 0 0 0 0 -0.409644 0.149801 0 0 0 0 0 0 0 
0 0 0 0 0 0 0 -0.0627955 0 0 0 0 0 -0.190492 0 0 0.20186 0 
0 -0.0339099 0 0 0 0 -0.149904 0 0 0 0 -0.0498003 0 0.00124498 0 0 0 0 
0.480469 0 0 0 0 0 0 -0.475725 0.0609888 0 0.381553 0 0 0 0 0 0 0.0783124 
-0.493746 0 0.251649 -0.254815 0 0 0 0 -0.437652 0.158766 0 0.183041 0 0 0.401379 0 0.141531 -0.257703 
0 0 0 0 0 -0.22011 0 0 0 0 0 0 -0.46784 0.121791 0.317252 0 0 -0.495333 
